# Zvolene hodnoty h0 = 10, v0 = 60 m/s a alpha0 = 45°
# t[s]   x[m]   y[m]    vx[m/s]   vy[m/s]   v[m/s]
0.00     0.00   10.00    42.43    42.43      60.00
0.01     0.42   10.42    42.43    42.33      60.00
0.02     0.85   10.85    42.43    42.23      60.00
0.03     1.27   11.27    42.43    42.13      60.00
0.04     1.70   11.69    42.43    42.03      60.00
0.05     2.12   12.11    42.43    41.94      60.00
0.06     2.55   12.53    42.43    41.84      60.00
0.07     2.97   12.95    42.43    41.74      60.00
0.08     3.39   13.36    42.43    41.64      60.00
0.09     3.82   13.78    42.43    41.54      60.00
0.10     4.24   14.19    42.43    41.44      60.00
0.11     4.67   14.61    42.43    41.35      60.00
0.12     5.09   15.02    42.43    41.25      60.00
0.13     5.52   15.43    42.43    41.15      60.00
0.14     5.94   15.84    42.43    41.05      60.00
0.15     6.36   16.25    42.43    40.95      60.00
0.16     6.79   16.66    42.43    40.86      60.00
0.17     7.21   17.07    42.43    40.76      60.00
0.18     7.64   17.48    42.43    40.66      60.00
0.19     8.06   17.88    42.43    40.56      60.00
0.20     8.49   18.29    42.43    40.46      60.00
0.21     8.91   18.69    42.43    40.37      60.00
0.22     9.33   19.10    42.43    40.27      60.00
0.23     9.76   19.50    42.43    40.17      60.00
0.24     10.18   19.90    42.43    40.07      60.00
0.25     10.61   20.30    42.43    39.97      60.00
0.26     11.03   20.70    42.43    39.88      60.00
0.27     11.46   21.10    42.43    39.78      60.00
0.28     11.88   21.49    42.43    39.68      60.00
0.29     12.30   21.89    42.43    39.58      60.00
0.30     12.73   22.29    42.43    39.48      60.00
0.31     13.15   22.68    42.43    39.39      60.00
0.32     13.58   23.07    42.43    39.29      60.00
0.33     14.00   23.47    42.43    39.19      60.00
0.34     14.43   23.86    42.43    39.09      60.00
0.35     14.85   24.25    42.43    38.99      60.00
0.36     15.27   24.64    42.43    38.90      60.00
0.37     15.70   25.03    42.43    38.80      60.00
0.38     16.12   25.41    42.43    38.70      60.00
0.39     16.55   25.80    42.43    38.60      60.00
0.40     16.97   26.19    42.43    38.50      60.00
0.41     17.40   26.57    42.43    38.40      60.00
0.42     17.82   26.95    42.43    38.31      60.00
0.43     18.24   27.34    42.43    38.21      60.00
0.44     18.67   27.72    42.43    38.11      60.00
0.45     19.09   28.10    42.43    38.01      60.00
0.46     19.52   28.48    42.43    37.91      60.00
0.47     19.94   28.86    42.43    37.82      60.00
0.48     20.37   29.23    42.43    37.72      60.00
0.49     20.79   29.61    42.43    37.62      60.00
0.50     21.21   29.99    42.43    37.52      60.00
0.51     21.64   30.36    42.43    37.42      60.00
0.52     22.06   30.74    42.43    37.33      60.00
0.53     22.49   31.11    42.43    37.23      60.00
0.54     22.91   31.48    42.43    37.13      60.00
0.55     23.34   31.85    42.43    37.03      60.00
0.56     23.76   32.22    42.43    36.93      60.00
0.57     24.18   32.59    42.43    36.84      60.00
0.58     24.61   32.96    42.43    36.74      60.00
0.59     25.03   33.32    42.43    36.64      60.00
0.60     25.46   33.69    42.43    36.54      60.00
0.61     25.88   34.05    42.43    36.44      60.00
0.62     26.30   34.42    42.43    36.35      60.00
0.63     26.73   34.78    42.43    36.25      60.00
0.64     27.15   35.14    42.43    36.15      60.00
0.65     27.58   35.50    42.43    36.05      60.00
0.66     28.00   35.86    42.43    35.95      60.00
0.67     28.43   36.22    42.43    35.85      60.00
0.68     28.85   36.58    42.43    35.76      60.00
0.69     29.27   36.94    42.43    35.66      60.00
0.70     29.70   37.30    42.43    35.56      60.00
0.71     30.12   37.65    42.43    35.46      60.00
0.72     30.55   38.00    42.43    35.36      60.00
0.73     30.97   38.36    42.43    35.27      60.00
0.74     31.40   38.71    42.43    35.17      60.00
0.75     31.82   39.06    42.43    35.07      60.00
0.76     32.24   39.41    42.43    34.97      60.00
0.77     32.67   39.76    42.43    34.87      60.00
0.78     33.09   40.11    42.43    34.78      60.00
0.79     33.52   40.46    42.43    34.68      60.00
0.80     33.94   40.80    42.43    34.58      60.00
0.81     34.37   41.15    42.43    34.48      60.00
0.82     34.79   41.49    42.43    34.38      60.00
0.83     35.21   41.84    42.43    34.29      60.00
0.84     35.64   42.18    42.43    34.19      60.00
0.85     36.06   42.52    42.43    34.09      60.00
0.86     36.49   42.86    42.43    33.99      60.00
0.87     36.91   43.20    42.43    33.89      60.00
0.88     37.34   43.54    42.43    33.80      60.00
0.89     37.76   43.87    42.43    33.70      60.00
0.90     38.18   44.21    42.43    33.60      60.00
0.91     38.61   44.55    42.43    33.50      60.00
0.92     39.03   44.88    42.43    33.40      60.00
0.93     39.46   45.21    42.43    33.31      60.00
0.94     39.88   45.55    42.43    33.21      60.00
0.95     40.31   45.88    42.43    33.11      60.00
0.96     40.73   46.21    42.43    33.01      60.00
0.97     41.15   46.54    42.43    32.91      60.00
0.98     41.58   46.87    42.43    32.81      60.00
0.99     42.00   47.20    42.43    32.72      60.00
1.00     42.43   47.52    42.43    32.62      60.00
1.01     42.85   47.85    42.43    32.52      60.00
1.02     43.28   48.17    42.43    32.42      60.00
1.03     43.70   48.50    42.43    32.32      60.00
1.04     44.12   48.82    42.43    32.23      60.00
1.05     44.55   49.14    42.43    32.13      60.00
1.06     44.97   49.46    42.43    32.03      60.00
1.07     45.40   49.78    42.43    31.93      60.00
1.08     45.82   50.10    42.43    31.83      60.00
1.09     46.25   50.42    42.43    31.74      60.00
1.10     46.67   50.73    42.43    31.64      60.00
1.11     47.09   51.05    42.43    31.54      60.00
1.12     47.52   51.37    42.43    31.44      60.00
1.13     47.94   51.68    42.43    31.34      60.00
1.14     48.37   51.99    42.43    31.25      60.00
1.15     48.79   52.30    42.43    31.15      60.00
1.16     49.22   52.62    42.43    31.05      60.00
1.17     49.64   52.93    42.43    30.95      60.00
1.18     50.06   53.23    42.43    30.85      60.00
1.19     50.49   53.54    42.43    30.76      60.00
1.20     50.91   53.85    42.43    30.66      60.00
1.21     51.34   54.16    42.43    30.56      60.00
1.22     51.76   54.46    42.43    30.46      60.00
1.23     52.19   54.77    42.43    30.36      60.00
1.24     52.61   55.07    42.43    30.27      60.00
1.25     53.03   55.37    42.43    30.17      60.00
1.26     53.46   55.67    42.43    30.07      60.00
1.27     53.88   55.97    42.43    29.97      60.00
1.28     54.31   56.27    42.43    29.87      60.00
1.29     54.73   56.57    42.43    29.77      60.00
1.30     55.16   56.87    42.43    29.68      60.00
1.31     55.58   57.16    42.43    29.58      60.00
1.32     56.00   57.46    42.43    29.48      60.00
1.33     56.43   57.75    42.43    29.38      60.00
1.34     56.85   58.05    42.43    29.28      60.00
1.35     57.28   58.34    42.43    29.19      60.00
1.36     57.70   58.63    42.43    29.09      60.00
1.37     58.13   58.92    42.43    28.99      60.00
1.38     58.55   59.21    42.43    28.89      60.00
1.39     58.97   59.50    42.43    28.79      60.00
1.40     59.40   59.79    42.43    28.70      60.00
1.41     59.82   60.07    42.43    28.60      60.00
1.42     60.25   60.36    42.43    28.50      60.00
1.43     60.67   60.64    42.43    28.40      60.00
1.44     61.10   60.93    42.43    28.30      60.00
1.45     61.52   61.21    42.43    28.21      60.00
1.46     61.94   61.49    42.43    28.11      60.00
1.47     62.37   61.77    42.43    28.01      60.00
1.48     62.79   62.05    42.43    27.91      60.00
1.49     63.22   62.33    42.43    27.81      60.00
1.50     63.64   62.61    42.43    27.72      60.00
1.51     64.07   62.88    42.43    27.62      60.00
1.52     64.49   63.16    42.43    27.52      60.00
1.53     64.91   63.43    42.43    27.42      60.00
1.54     65.34   63.71    42.43    27.32      60.00
1.55     65.76   63.98    42.43    27.23      60.00
1.56     66.19   64.25    42.43    27.13      60.00
1.57     66.61   64.52    42.43    27.03      60.00
1.58     67.04   64.79    42.43    26.93      60.00
1.59     67.46   65.06    42.43    26.83      60.00
1.60     67.88   65.33    42.43    26.73      60.00
1.61     68.31   65.59    42.43    26.64      60.00
1.62     68.73   65.86    42.43    26.54      60.00
1.63     69.16   66.13    42.43    26.44      60.00
1.64     69.58   66.39    42.43    26.34      60.00
1.65     70.01   66.65    42.43    26.24      60.00
1.66     70.43   66.91    42.43    26.15      60.00
1.67     70.85   67.18    42.43    26.05      60.00
1.68     71.28   67.44    42.43    25.95      60.00
1.69     71.70   67.69    42.43    25.85      60.00
1.70     72.13   67.95    42.43    25.75      60.00
1.71     72.55   68.21    42.43    25.66      60.00
1.72     72.98   68.47    42.43    25.56      60.00
1.73     73.40   68.72    42.43    25.46      60.00
1.74     73.82   68.97    42.43    25.36      60.00
1.75     74.25   69.23    42.43    25.26      60.00
1.76     74.67   69.48    42.43    25.17      60.00
1.77     75.10   69.73    42.43    25.07      60.00
1.78     75.52   69.98    42.43    24.97      60.00
1.79     75.94   70.23    42.43    24.87      60.00
1.80     76.37   70.48    42.43    24.77      60.00
1.81     76.79   70.73    42.43    24.68      60.00
1.82     77.22   70.97    42.43    24.58      60.00
1.83     77.64   71.22    42.43    24.48      60.00
1.84     78.07   71.46    42.43    24.38      60.00
1.85     78.49   71.71    42.43    24.28      60.00
1.86     78.91   71.95    42.43    24.19      60.00
1.87     79.34   72.19    42.43    24.09      60.00
1.88     79.76   72.43    42.43    23.99      60.00
1.89     80.19   72.67    42.43    23.89      60.00
1.90     80.61   72.91    42.43    23.79      60.00
1.91     81.04   73.14    42.43    23.69      60.00
1.92     81.46   73.38    42.43    23.60      60.00
1.93     81.88   73.62    42.43    23.50      60.00
1.94     82.31   73.85    42.43    23.40      60.00
1.95     82.73   74.08    42.43    23.30      60.00
1.96     83.16   74.32    42.43    23.20      60.00
1.97     83.58   74.55    42.43    23.11      60.00
1.98     84.01   74.78    42.43    23.01      60.00
1.99     84.43   75.01    42.43    22.91      60.00
2.00     84.85   75.24    42.43    22.81      60.00
2.01     85.28   75.47    42.43    22.71      60.00
2.02     85.70   75.69    42.43    22.62      60.00
2.03     86.13   75.92    42.43    22.52      60.00
2.04     86.55   76.14    42.43    22.42      60.00
2.05     86.98   76.37    42.43    22.32      60.00
2.06     87.40   76.59    42.43    22.22      60.00
2.07     87.82   76.81    42.43    22.13      60.00
2.08     88.25   77.03    42.43    22.03      60.00
2.09     88.67   77.25    42.43    21.93      60.00
2.10     89.10   77.47    42.43    21.83      60.00
2.11     89.52   77.69    42.43    21.73      60.00
2.12     89.95   77.90    42.43    21.64      60.00
2.13     90.37   78.12    42.43    21.54      60.00
2.14     90.79   78.34    42.43    21.44      60.00
2.15     91.22   78.55    42.43    21.34      60.00
2.16     91.64   78.76    42.43    21.24      60.00
2.17     92.07   78.97    42.43    21.15      60.00
2.18     92.49   79.18    42.43    21.05      60.00
2.19     92.92   79.39    42.43    20.95      60.00
2.20     93.34   79.60    42.43    20.85      60.00
2.21     93.76   79.81    42.43    20.75      60.00
2.22     94.19   80.02    42.43    20.65      60.00
2.23     94.61   80.22    42.43    20.56      60.00
2.24     95.04   80.43    42.43    20.46      60.00
2.25     95.46   80.63    42.43    20.36      60.00
2.26     95.89   80.84    42.43    20.26      60.00
2.27     96.31   81.04    42.43    20.16      60.00
2.28     96.73   81.24    42.43    20.07      60.00
2.29     97.16   81.44    42.43    19.97      60.00
2.30     97.58   81.64    42.43    19.87      60.00
2.31     98.01   81.84    42.43    19.77      60.00
2.32     98.43   82.04    42.43    19.67      60.00
2.33     98.86   82.23    42.43    19.58      60.00
2.34     99.28   82.43    42.43    19.48      60.00
2.35     99.70   82.62    42.43    19.38      60.00
2.36     100.13   82.81    42.43    19.28      60.00
2.37     100.55   83.01    42.43    19.18      60.00
2.38     100.98   83.20    42.43    19.09      60.00
2.39     101.40   83.39    42.43    18.99      60.00
2.40     101.83   83.58    42.43    18.89      60.00
2.41     102.25   83.77    42.43    18.79      60.00
2.42     102.67   83.95    42.43    18.69      60.00
2.43     103.10   84.14    42.43    18.60      60.00
2.44     103.52   84.33    42.43    18.50      60.00
2.45     103.95   84.51    42.43    18.40      60.00
2.46     104.37   84.69    42.43    18.30      60.00
2.47     104.80   84.88    42.43    18.20      60.00
2.48     105.22   85.06    42.43    18.10      60.00
2.49     105.64   85.24    42.43    18.01      60.00
2.50     106.07   85.42    42.43    17.91      60.00
2.51     106.49   85.60    42.43    17.81      60.00
2.52     106.92   85.77    42.43    17.71      60.00
2.53     107.34   85.95    42.43    17.61      60.00
2.54     107.77   86.13    42.43    17.52      60.00
2.55     108.19   86.30    42.43    17.42      60.00
2.56     108.61   86.47    42.43    17.32      60.00
2.57     109.04   86.65    42.43    17.22      60.00
2.58     109.46   86.82    42.43    17.12      60.00
2.59     109.89   86.99    42.43    17.03      60.00
2.60     110.31   87.16    42.43    16.93      60.00
2.61     110.74   87.33    42.43    16.83      60.00
2.62     111.16   87.50    42.43    16.73      60.00
2.63     111.58   87.66    42.43    16.63      60.00
2.64     112.01   87.83    42.43    16.54      60.00
2.65     112.43   87.99    42.43    16.44      60.00
2.66     112.86   88.16    42.43    16.34      60.00
2.67     113.28   88.32    42.43    16.24      60.00
2.68     113.71   88.48    42.43    16.14      60.00
2.69     114.13   88.64    42.43    16.05      60.00
2.70     114.55   88.80    42.43    15.95      60.00
2.71     114.98   88.96    42.43    15.85      60.00
2.72     115.40   89.12    42.43    15.75      60.00
2.73     115.83   89.28    42.43    15.65      60.00
2.74     116.25   89.43    42.43    15.56      60.00
2.75     116.68   89.59    42.43    15.46      60.00
2.76     117.10   89.74    42.43    15.36      60.00
2.77     117.52   89.90    42.43    15.26      60.00
2.78     117.95   90.05    42.43    15.16      60.00
2.79     118.37   90.20    42.43    15.06      60.00
2.80     118.80   90.35    42.43    14.97      60.00
2.81     119.22   90.50    42.43    14.87      60.00
2.82     119.65   90.65    42.43    14.77      60.00
2.83     120.07   90.79    42.43    14.67      60.00
2.84     120.49   90.94    42.43    14.57      60.00
2.85     120.92   91.09    42.43    14.48      60.00
2.86     121.34   91.23    42.43    14.38      60.00
2.87     121.77   91.37    42.43    14.28      60.00
2.88     122.19   91.52    42.43    14.18      60.00
2.89     122.62   91.66    42.43    14.08      60.00
2.90     123.04   91.80    42.43    13.99      60.00
2.91     123.46   91.94    42.43    13.89      60.00
2.92     123.89   92.07    42.43    13.79      60.00
2.93     124.31   92.21    42.43    13.69      60.00
2.94     124.74   92.35    42.43    13.59      60.00
2.95     125.16   92.48    42.43    13.50      60.00
2.96     125.58   92.62    42.43    13.40      60.00
2.97     126.01   92.75    42.43    13.30      60.00
2.98     126.43   92.88    42.43    13.20      60.00
2.99     126.86   93.02    42.43    13.10      60.00
3.00     127.28   93.15    42.43    13.01      60.00
3.01     127.71   93.28    42.43    12.91      60.00
3.02     128.13   93.40    42.43    12.81      60.00
3.03     128.55   93.53    42.43    12.71      60.00
3.04     128.98   93.66    42.43    12.61      60.00
3.05     129.40   93.78    42.43    12.52      60.00
3.06     129.83   93.91    42.43    12.42      60.00
3.07     130.25   94.03    42.43    12.32      60.00
3.08     130.68   94.16    42.43    12.22      60.00
3.09     131.10   94.28    42.43    12.12      60.00
3.10     131.52   94.40    42.43    12.02      60.00
3.11     131.95   94.52    42.43    11.93      60.00
3.12     132.37   94.64    42.43    11.83      60.00
3.13     132.80   94.75    42.43    11.73      60.00
3.14     133.22   94.87    42.43    11.63      60.00
3.15     133.65   94.99    42.43    11.53      60.00
3.16     134.07   95.10    42.43    11.44      60.00
3.17     134.49   95.22    42.43    11.34      60.00
3.18     134.92   95.33    42.43    11.24      60.00
3.19     135.34   95.44    42.43    11.14      60.00
3.20     135.77   95.55    42.43    11.04      60.00
3.21     136.19   95.66    42.43    10.95      60.00
3.22     136.62   95.77    42.43    10.85      60.00
3.23     137.04   95.88    42.43    10.75      60.00
3.24     137.46   95.99    42.43    10.65      60.00
3.25     137.89   96.09    42.43    10.55      60.00
3.26     138.31   96.20    42.43    10.46      60.00
3.27     138.74   96.30    42.43    10.36      60.00
3.28     139.16   96.40    42.43    10.26      60.00
3.29     139.59   96.51    42.43    10.16      60.00
3.30     140.01   96.61    42.43    10.06      60.00
3.31     140.43   96.71    42.43    9.97      60.00
3.32     140.86   96.81    42.43    9.87      60.00
3.33     141.28   96.90    42.43    9.77      60.00
3.34     141.71   97.00    42.43    9.67      60.00
3.35     142.13   97.10    42.43    9.57      60.00
3.36     142.56   97.19    42.43    9.48      60.00
3.37     142.98   97.29    42.43    9.38      60.00
3.38     143.40   97.38    42.43    9.28      60.00
3.39     143.83   97.47    42.43    9.18      60.00
3.40     144.25   97.56    42.43    9.08      60.00
3.41     144.68   97.65    42.43    8.98      60.00
3.42     145.10   97.74    42.43    8.89      60.00
3.43     145.53   97.83    42.43    8.79      60.00
3.44     145.95   97.92    42.43    8.69      60.00
3.45     146.37   98.01    42.43    8.59      60.00
3.46     146.80   98.09    42.43    8.49      60.00
3.47     147.22   98.18    42.43    8.40      60.00
3.48     147.65   98.26    42.43    8.30      60.00
3.49     148.07   98.34    42.43    8.20      60.00
3.50     148.50   98.42    42.43    8.10      60.00
3.51     148.92   98.50    42.43    8.00      60.00
3.52     149.34   98.58    42.43    7.91      60.00
3.53     149.77   98.66    42.43    7.81      60.00
3.54     150.19   98.74    42.43    7.71      60.00
3.55     150.62   98.82    42.43    7.61      60.00
3.56     151.04   98.89    42.43    7.51      60.00
3.57     151.47   98.97    42.43    7.42      60.00
3.58     151.89   99.04    42.43    7.32      60.00
3.59     152.31   99.11    42.43    7.22      60.00
3.60     152.74   99.18    42.43    7.12      60.00
3.61     153.16   99.26    42.43    7.02      60.00
3.62     153.59   99.32    42.43    6.93      60.00
3.63     154.01   99.39    42.43    6.83      60.00
3.64     154.44   99.46    42.43    6.73      60.00
3.65     154.86   99.53    42.43    6.63      60.00
3.66     155.28   99.59    42.43    6.53      60.00
3.67     155.71   99.66    42.43    6.44      60.00
3.68     156.13   99.72    42.43    6.34      60.00
3.69     156.56   99.79    42.43    6.24      60.00
3.70     156.98   99.85    42.43    6.14      60.00
3.71     157.41   99.91    42.43    6.04      60.00
3.72     157.83   99.97    42.43    5.94      60.00
3.73     158.25   100.03    42.43    5.85      60.00
3.74     158.68   100.09    42.43    5.75      60.00
3.75     159.10   100.14    42.43    5.65      60.00
3.76     159.53   100.20    42.43    5.55      60.00
3.77     159.95   100.25    42.43    5.45      60.00
3.78     160.38   100.31    42.43    5.36      60.00
3.79     160.80   100.36    42.43    5.26      60.00
3.80     161.22   100.41    42.43    5.16      60.00
3.81     161.65   100.46    42.43    5.06      60.00
3.82     162.07   100.51    42.43    4.96      60.00
3.83     162.50   100.56    42.43    4.87      60.00
3.84     162.92   100.61    42.43    4.77      60.00
3.85     163.35   100.66    42.43    4.67      60.00
3.86     163.77   100.70    42.43    4.57      60.00
3.87     164.19   100.75    42.43    4.47      60.00
3.88     164.62   100.79    42.43    4.38      60.00
3.89     165.04   100.84    42.43    4.28      60.00
3.90     165.47   100.88    42.43    4.18      60.00
3.91     165.89   100.92    42.43    4.08      60.00
3.92     166.32   100.96    42.43    3.98      60.00
3.93     166.74   101.00    42.43    3.89      60.00
3.94     167.16   101.04    42.43    3.79      60.00
3.95     167.59   101.08    42.43    3.69      60.00
3.96     168.01   101.11    42.43    3.59      60.00
3.97     168.44   101.15    42.43    3.49      60.00
3.98     168.86   101.18    42.43    3.39      60.00
3.99     169.29   101.22    42.43    3.30      60.00
4.00     169.71   101.25    42.43    3.20      60.00
4.01     170.13   101.28    42.43    3.10      60.00
4.02     170.56   101.31    42.43    3.00      60.00
4.03     170.98   101.34    42.43    2.90      60.00
4.04     171.41   101.37    42.43    2.81      60.00
4.05     171.83   101.40    42.43    2.71      60.00
4.06     172.26   101.42    42.43    2.61      60.00
4.07     172.68   101.45    42.43    2.51      60.00
4.08     173.10   101.47    42.43    2.41      60.00
4.09     173.53   101.50    42.43    2.32      60.00
4.10     173.95   101.52    42.43    2.22      60.00
4.11     174.38   101.54    42.43    2.12      60.00
4.12     174.80   101.56    42.43    2.02      60.00
4.13     175.23   101.58    42.43    1.92      60.00
4.14     175.65   101.60    42.43    1.83      60.00
4.15     176.07   101.62    42.43    1.73      60.00
4.16     176.50   101.63    42.43    1.63      60.00
4.17     176.92   101.65    42.43    1.53      60.00
4.18     177.35   101.67    42.43    1.43      60.00
4.19     177.77   101.68    42.43    1.34      60.00
4.20     178.20   101.69    42.43    1.24      60.00
4.21     178.62   101.70    42.43    1.14      60.00
4.22     179.04   101.71    42.43    1.04      60.00
4.23     179.47   101.72    42.43    0.94      60.00
4.24     179.89   101.73    42.43    0.85      60.00
4.25     180.32   101.74    42.43    0.75      60.00
4.26     180.74   101.75    42.43    0.65      60.00
4.27     181.17   101.75    42.43    0.55      60.00
4.28     181.59   101.76    42.43    0.45      60.00
4.29     182.01   101.76    42.43    0.35      60.00
4.30     182.44   101.77    42.43    0.26      60.00
4.31     182.86   101.77    42.43    0.16      60.00
4.32     183.29   101.77    42.43    0.06      60.00
4.33     183.71   101.77    42.43    -0.04      60.00
4.34     184.14   101.77    42.43    -0.14      60.00
4.35     184.56   101.77    42.43    -0.23      60.00
4.36     184.98   101.76    42.43    -0.33      60.00
4.37     185.41   101.76    42.43    -0.43      60.00
4.38     185.83   101.76    42.43    -0.53      60.00
4.39     186.26   101.75    42.43    -0.63      60.00
4.40     186.68   101.74    42.43    -0.72      60.00
4.41     187.11   101.74    42.43    -0.82      60.00
4.42     187.53   101.73    42.43    -0.92      60.00
4.43     187.95   101.72    42.43    -1.02      60.00
4.44     188.38   101.71    42.43    -1.12      60.00
4.45     188.80   101.70    42.43    -1.21      60.00
4.46     189.23   101.68    42.43    -1.31      60.00
4.47     189.65   101.67    42.43    -1.41      60.00
4.48     190.08   101.65    42.43    -1.51      60.00
4.49     190.50   101.64    42.43    -1.61      60.00
4.50     190.92   101.62    42.43    -1.70      60.00
4.51     191.35   101.60    42.43    -1.80      60.00
4.52     191.77   101.59    42.43    -1.90      60.00
4.53     192.20   101.57    42.43    -2.00      60.00
4.54     192.62   101.55    42.43    -2.10      60.00
4.55     193.05   101.52    42.43    -2.19      60.00
4.56     193.47   101.50    42.43    -2.29      60.00
4.57     193.89   101.48    42.43    -2.39      60.00
4.58     194.32   101.45    42.43    -2.49      60.00
4.59     194.74   101.43    42.43    -2.59      60.00
4.60     195.17   101.40    42.43    -2.69      60.00
4.61     195.59   101.38    42.43    -2.78      60.00
4.62     196.02   101.35    42.43    -2.88      60.00
4.63     196.44   101.32    42.43    -2.98      60.00
4.64     196.86   101.29    42.43    -3.08      60.00
4.65     197.29   101.26    42.43    -3.18      60.00
4.66     197.71   101.22    42.43    -3.27      60.00
4.67     198.14   101.19    42.43    -3.37      60.00
4.68     198.56   101.16    42.43    -3.47      60.00
4.69     198.98   101.12    42.43    -3.57      60.00
4.70     199.41   101.08    42.43    -3.67      60.00
4.71     199.83   101.05    42.43    -3.76      60.00
4.72     200.26   101.01    42.43    -3.86      60.00
4.73     200.68   100.97    42.43    -3.96      60.00
4.74     201.11   100.93    42.43    -4.06      60.00
4.75     201.53   100.89    42.43    -4.16      60.00
4.76     201.95   100.85    42.43    -4.25      60.00
4.77     202.38   100.80    42.43    -4.35      60.00
4.78     202.80   100.76    42.43    -4.45      60.00
4.79     203.23   100.72    42.43    -4.55      60.00
4.80     203.65   100.67    42.43    -4.65      60.00
4.81     204.08   100.62    42.43    -4.74      60.00
4.82     204.50   100.57    42.43    -4.84      60.00
4.83     204.92   100.53    42.43    -4.94      60.00
4.84     205.35   100.48    42.43    -5.04      60.00
4.85     205.77   100.42    42.43    -5.14      60.00
4.86     206.20   100.37    42.43    -5.24      60.00
4.87     206.62   100.32    42.43    -5.33      60.00
4.88     207.05   100.27    42.43    -5.43      60.00
4.89     207.47   100.21    42.43    -5.53      60.00
4.90     207.89   100.16    42.43    -5.63      60.00
4.91     208.32   100.10    42.43    -5.73      60.00
4.92     208.74   100.04    42.43    -5.82      60.00
4.93     209.17   99.98    42.43    -5.92      60.00
4.94     209.59   99.92    42.43    -6.02      60.00
4.95     210.02   99.86    42.43    -6.12      60.00
4.96     210.44   99.80    42.43    -6.22      60.00
4.97     210.86   99.74    42.43    -6.31      60.00
4.98     211.29   99.67    42.43    -6.41      60.00
4.99     211.71   99.61    42.43    -6.51      60.00
5.00     212.14   99.54    42.43    -6.61      60.00
5.01     212.56   99.48    42.43    -6.71      60.00
5.02     212.99   99.41    42.43    -6.80      60.00
5.03     213.41   99.34    42.43    -6.90      60.00
5.04     213.83   99.27    42.43    -7.00      60.00
5.05     214.26   99.20    42.43    -7.10      60.00
5.06     214.68   99.13    42.43    -7.20      60.00
5.07     215.11   99.06    42.43    -7.29      60.00
5.08     215.53   98.98    42.43    -7.39      60.00
5.09     215.96   98.91    42.43    -7.49      60.00
5.10     216.38   98.83    42.43    -7.59      60.00
5.11     216.80   98.76    42.43    -7.69      60.00
5.12     217.23   98.68    42.43    -7.78      60.00
5.13     217.65   98.60    42.43    -7.88      60.00
5.14     218.08   98.52    42.43    -7.98      60.00
5.15     218.50   98.44    42.43    -8.08      60.00
5.16     218.93   98.36    42.43    -8.18      60.00
5.17     219.35   98.28    42.43    -8.28      60.00
5.18     219.77   98.20    42.43    -8.37      60.00
5.19     220.20   98.11    42.43    -8.47      60.00
5.20     220.62   98.03    42.43    -8.57      60.00
5.21     221.05   97.94    42.43    -8.67      60.00
5.22     221.47   97.85    42.43    -8.77      60.00
5.23     221.90   97.76    42.43    -8.86      60.00
5.24     222.32   97.68    42.43    -8.96      60.00
5.25     222.74   97.59    42.43    -9.06      60.00
5.26     223.17   97.49    42.43    -9.16      60.00
5.27     223.59   97.40    42.43    -9.26      60.00
5.28     224.02   97.31    42.43    -9.35      60.00
5.29     224.44   97.22    42.43    -9.45      60.00
5.30     224.87   97.12    42.43    -9.55      60.00
5.31     225.29   97.02    42.43    -9.65      60.00
5.32     225.71   96.93    42.43    -9.75      60.00
5.33     226.14   96.83    42.43    -9.84      60.00
5.34     226.56   96.73    42.43    -9.94      60.00
5.35     226.99   96.63    42.43    -10.04      60.00
5.36     227.41   96.53    42.43    -10.14      60.00
5.37     227.84   96.43    42.43    -10.24      60.00
5.38     228.26   96.32    42.43    -10.33      60.00
5.39     228.68   96.22    42.43    -10.43      60.00
5.40     229.11   96.12    42.43    -10.53      60.00
5.41     229.53   96.01    42.43    -10.63      60.00
5.42     229.96   95.90    42.43    -10.73      60.00
5.43     230.38   95.80    42.43    -10.82      60.00
5.44     230.81   95.69    42.43    -10.92      60.00
5.45     231.23   95.58    42.43    -11.02      60.00
5.46     231.65   95.47    42.43    -11.12      60.00
5.47     232.08   95.35    42.43    -11.22      60.00
5.48     232.50   95.24    42.43    -11.32      60.00
5.49     232.93   95.13    42.43    -11.41      60.00
5.50     233.35   95.01    42.43    -11.51      60.00
5.51     233.78   94.90    42.43    -11.61      60.00
5.52     234.20   94.78    42.43    -11.71      60.00
5.53     234.62   94.66    42.43    -11.81      60.00
5.54     235.05   94.55    42.43    -11.90      60.00
5.55     235.47   94.43    42.43    -12.00      60.00
5.56     235.90   94.31    42.43    -12.10      60.00
5.57     236.32   94.18    42.43    -12.20      60.00
5.58     236.75   94.06    42.43    -12.30      60.00
5.59     237.17   93.94    42.43    -12.39      60.00
5.60     237.59   93.81    42.43    -12.49      60.00
5.61     238.02   93.69    42.43    -12.59      60.00
5.62     238.44   93.56    42.43    -12.69      60.00
5.63     238.87   93.43    42.43    -12.79      60.00
5.64     239.29   93.31    42.43    -12.88      60.00
5.65     239.72   93.18    42.43    -12.98      60.00
5.66     240.14   93.05    42.43    -13.08      60.00
5.67     240.56   92.92    42.43    -13.18      60.00
5.68     240.99   92.78    42.43    -13.28      60.00
5.69     241.41   92.65    42.43    -13.37      60.00
5.70     241.84   92.52    42.43    -13.47      60.00
5.71     242.26   92.38    42.43    -13.57      60.00
5.72     242.69   92.24    42.43    -13.67      60.00
5.73     243.11   92.11    42.43    -13.77      60.00
5.74     243.53   91.97    42.43    -13.87      60.00
5.75     243.96   91.83    42.43    -13.96      60.00
5.76     244.38   91.69    42.43    -14.06      60.00
5.77     244.81   91.55    42.43    -14.16      60.00
5.78     245.23   91.41    42.43    -14.26      60.00
5.79     245.66   91.26    42.43    -14.36      60.00
5.80     246.08   91.12    42.43    -14.45      60.00
5.81     246.50   90.97    42.43    -14.55      60.00
5.82     246.93   90.83    42.43    -14.65      60.00
5.83     247.35   90.68    42.43    -14.75      60.00
5.84     247.78   90.53    42.43    -14.85      60.00
5.85     248.20   90.38    42.43    -14.94      60.00
5.86     248.63   90.23    42.43    -15.04      60.00
5.87     249.05   90.08    42.43    -15.14      60.00
5.88     249.47   89.93    42.43    -15.24      60.00
5.89     249.90   89.78    42.43    -15.34      60.00
5.90     250.32   89.62    42.43    -15.43      60.00
5.91     250.75   89.47    42.43    -15.53      60.00
5.92     251.17   89.31    42.43    -15.63      60.00
5.93     251.60   89.16    42.43    -15.73      60.00
5.94     252.02   89.00    42.43    -15.83      60.00
5.95     252.44   88.84    42.43    -15.92      60.00
5.96     252.87   88.68    42.43    -16.02      60.00
5.97     253.29   88.52    42.43    -16.12      60.00
5.98     253.72   88.36    42.43    -16.22      60.00
5.99     254.14   88.20    42.43    -16.32      60.00
6.00     254.57   88.03    42.43    -16.41      60.00
6.01     254.99   87.87    42.43    -16.51      60.00
6.02     255.41   87.70    42.43    -16.61      60.00
6.03     255.84   87.54    42.43    -16.71      60.00
6.04     256.26   87.37    42.43    -16.81      60.00
6.05     256.69   87.20    42.43    -16.91      60.00
6.06     257.11   87.03    42.43    -17.00      60.00
6.07     257.54   86.86    42.43    -17.10      60.00
6.08     257.96   86.69    42.43    -17.20      60.00
6.09     258.38   86.52    42.43    -17.30      60.00
6.10     258.81   86.34    42.43    -17.40      60.00
6.11     259.23   86.17    42.43    -17.49      60.00
6.12     259.66   85.99    42.43    -17.59      60.00
6.13     260.08   85.82    42.43    -17.69      60.00
6.14     260.51   85.64    42.43    -17.79      60.00
6.15     260.93   85.46    42.43    -17.89      60.00
6.16     261.35   85.28    42.43    -17.98      60.00
6.17     261.78   85.10    42.43    -18.08      60.00
6.18     262.20   84.92    42.43    -18.18      60.00
6.19     262.63   84.74    42.43    -18.28      60.00
6.20     263.05   84.55    42.43    -18.38      60.00
6.21     263.48   84.37    42.43    -18.47      60.00
6.22     263.90   84.18    42.43    -18.57      60.00
6.23     264.32   84.00    42.43    -18.67      60.00
6.24     264.75   83.81    42.43    -18.77      60.00
6.25     265.17   83.62    42.43    -18.87      60.00
6.26     265.60   83.43    42.43    -18.96      60.00
6.27     266.02   83.24    42.43    -19.06      60.00
6.28     266.45   83.05    42.43    -19.16      60.00
6.29     266.87   82.86    42.43    -19.26      60.00
6.30     267.29   82.67    42.43    -19.36      60.00
6.31     267.72   82.47    42.43    -19.46      60.00
6.32     268.14   82.28    42.43    -19.55      60.00
6.33     268.57   82.08    42.43    -19.65      60.00
6.34     268.99   81.88    42.43    -19.75      60.00
6.35     269.42   81.69    42.43    -19.85      60.00
6.36     269.84   81.49    42.43    -19.95      60.00
6.37     270.26   81.29    42.43    -20.04      60.00
6.38     270.69   81.09    42.43    -20.14      60.00
6.39     271.11   80.88    42.43    -20.24      60.00
6.40     271.54   80.68    42.43    -20.34      60.00
6.41     271.96   80.48    42.43    -20.44      60.00
6.42     272.39   80.27    42.43    -20.53      60.00
6.43     272.81   80.07    42.43    -20.63      60.00
6.44     273.23   79.86    42.43    -20.73      60.00
6.45     273.66   79.65    42.43    -20.83      60.00
6.46     274.08   79.44    42.43    -20.93      60.00
6.47     274.51   79.23    42.43    -21.02      60.00
6.48     274.93   79.02    42.43    -21.12      60.00
6.49     275.36   78.81    42.43    -21.22      60.00
6.50     275.78   78.60    42.43    -21.32      60.00
6.51     276.20   78.38    42.43    -21.42      60.00
6.52     276.63   78.17    42.43    -21.51      60.00
6.53     277.05   77.95    42.43    -21.61      60.00
6.54     277.48   77.74    42.43    -21.71      60.00
6.55     277.90   77.52    42.43    -21.81      60.00
6.56     278.33   77.30    42.43    -21.91      60.00
6.57     278.75   77.08    42.43    -22.00      60.00
6.58     279.17   76.86    42.43    -22.10      60.00
6.59     279.60   76.64    42.43    -22.20      60.00
6.60     280.02   76.42    42.43    -22.30      60.00
6.61     280.45   76.19    42.43    -22.40      60.00
6.62     280.87   75.97    42.43    -22.50      60.00
6.63     281.30   75.74    42.43    -22.59      60.00
6.64     281.72   75.52    42.43    -22.69      60.00
6.65     282.14   75.29    42.43    -22.79      60.00
6.66     282.57   75.06    42.43    -22.89      60.00
6.67     282.99   74.83    42.43    -22.99      60.00
6.68     283.42   74.60    42.43    -23.08      60.00
6.69     283.84   74.37    42.43    -23.18      60.00
6.70     284.27   74.14    42.43    -23.28      60.00
6.71     284.69   73.91    42.43    -23.38      60.00
6.72     285.11   73.67    42.43    -23.48      60.00
6.73     285.54   73.44    42.43    -23.57      60.00
6.74     285.96   73.20    42.43    -23.67      60.00
6.75     286.39   72.96    42.43    -23.77      60.00
6.76     286.81   72.72    42.43    -23.87      60.00
6.77     287.24   72.49    42.43    -23.97      60.00
6.78     287.66   72.24    42.43    -24.06      60.00
6.79     288.08   72.00    42.43    -24.16      60.00
6.80     288.51   71.76    42.43    -24.26      60.00
6.81     288.93   71.52    42.43    -24.36      60.00
6.82     289.36   71.27    42.43    -24.46      60.00
6.83     289.78   71.03    42.43    -24.55      60.00
6.84     290.21   70.78    42.43    -24.65      60.00
6.85     290.63   70.54    42.43    -24.75      60.00
6.86     291.05   70.29    42.43    -24.85      60.00
6.87     291.48   70.04    42.43    -24.95      60.00
6.88     291.90   69.79    42.43    -25.04      60.00
6.89     292.33   69.54    42.43    -25.14      60.00
6.90     292.75   69.29    42.43    -25.24      60.00
6.91     293.18   69.03    42.43    -25.34      60.00
6.92     293.60   68.78    42.43    -25.44      60.00
6.93     294.02   68.52    42.43    -25.54      60.00
6.94     294.45   68.27    42.43    -25.63      60.00
6.95     294.87   68.01    42.43    -25.73      60.00
6.96     295.30   67.75    42.43    -25.83      60.00
6.97     295.72   67.50    42.43    -25.93      60.00
6.98     296.15   67.24    42.43    -26.03      60.00
6.99     296.57   66.98    42.43    -26.12      60.00
7.00     296.99   66.71    42.43    -26.22      60.00
7.01     297.42   66.45    42.43    -26.32      60.00
7.02     297.84   66.19    42.43    -26.42      60.00
7.03     298.27   65.92    42.43    -26.52      60.00
7.04     298.69   65.66    42.43    -26.61      60.00
7.05     299.12   65.39    42.43    -26.71      60.00
7.06     299.54   65.12    42.43    -26.81      60.00
7.07     299.96   64.85    42.43    -26.91      60.00
7.08     300.39   64.58    42.43    -27.01      60.00
7.09     300.81   64.31    42.43    -27.10      60.00
7.10     301.24   64.04    42.43    -27.20      60.00
7.11     301.66   63.77    42.43    -27.30      60.00
7.12     302.09   63.50    42.43    -27.40      60.00
7.13     302.51   63.22    42.43    -27.50      60.00
7.14     302.93   62.95    42.43    -27.59      60.00
7.15     303.36   62.67    42.43    -27.69      60.00
7.16     303.78   62.39    42.43    -27.79      60.00
7.17     304.21   62.11    42.43    -27.89      60.00
7.18     304.63   61.83    42.43    -27.99      60.00
7.19     305.06   61.55    42.43    -28.09      60.00
7.20     305.48   61.27    42.43    -28.18      60.00
7.21     305.90   60.99    42.43    -28.28      60.00
7.22     306.33   60.71    42.43    -28.38      60.00
7.23     306.75   60.42    42.43    -28.48      60.00
7.24     307.18   60.14    42.43    -28.58      60.00
7.25     307.60   59.85    42.43    -28.67      60.00
7.26     308.03   59.56    42.43    -28.77      60.00
7.27     308.45   59.28    42.43    -28.87      60.00
7.28     308.87   58.99    42.43    -28.97      60.00
7.29     309.30   58.70    42.43    -29.07      60.00
7.30     309.72   58.41    42.43    -29.16      60.00
7.31     310.15   58.11    42.43    -29.26      60.00
7.32     310.57   57.82    42.43    -29.36      60.00
7.33     311.00   57.53    42.43    -29.46      60.00
7.34     311.42   57.23    42.43    -29.56      60.00
7.35     311.84   56.93    42.43    -29.65      60.00
7.36     312.27   56.64    42.43    -29.75      60.00
7.37     312.69   56.34    42.43    -29.85      60.00
7.38     313.12   56.04    42.43    -29.95      60.00
7.39     313.54   55.74    42.43    -30.05      60.00
7.40     313.97   55.44    42.43    -30.14      60.00
7.41     314.39   55.14    42.43    -30.24      60.00
7.42     314.81   54.83    42.43    -30.34      60.00
7.43     315.24   54.53    42.43    -30.44      60.00
7.44     315.66   54.23    42.43    -30.54      60.00
7.45     316.09   53.92    42.43    -30.63      60.00
7.46     316.51   53.61    42.43    -30.73      60.00
7.47     316.94   53.31    42.43    -30.83      60.00
7.48     317.36   53.00    42.43    -30.93      60.00
7.49     317.78   52.69    42.43    -31.03      60.00
7.50     318.21   52.38    42.43    -31.13      60.00
7.51     318.63   52.06    42.43    -31.22      60.00
7.52     319.06   51.75    42.43    -31.32      60.00
7.53     319.48   51.44    42.43    -31.42      60.00
7.54     319.91   51.12    42.43    -31.52      60.00
7.55     320.33   50.81    42.43    -31.62      60.00
7.56     320.75   50.49    42.43    -31.71      60.00
7.57     321.18   50.17    42.43    -31.81      60.00
7.58     321.60   49.85    42.43    -31.91      60.00
7.59     322.03   49.54    42.43    -32.01      60.00
7.60     322.45   49.21    42.43    -32.11      60.00
7.61     322.88   48.89    42.43    -32.20      60.00
7.62     323.30   48.57    42.43    -32.30      60.00
7.63     323.72   48.25    42.43    -32.40      60.00
7.64     324.15   47.92    42.43    -32.50      60.00
7.65     324.57   47.60    42.43    -32.60      60.00
7.66     325.00   47.27    42.43    -32.69      60.00
7.67     325.42   46.94    42.43    -32.79      60.00
7.68     325.85   46.61    42.43    -32.89      60.00
7.69     326.27   46.29    42.43    -32.99      60.00
7.70     326.69   45.95    42.43    -33.09      60.00
7.71     327.12   45.62    42.43    -33.18      60.00
7.72     327.54   45.29    42.43    -33.28      60.00
7.73     327.97   44.96    42.43    -33.38      60.00
7.74     328.39   44.62    42.43    -33.48      60.00
7.75     328.82   44.29    42.43    -33.58      60.00
7.76     329.24   43.95    42.43    -33.67      60.00
7.77     329.66   43.61    42.43    -33.77      60.00
7.78     330.09   43.28    42.43    -33.87      60.00
7.79     330.51   42.94    42.43    -33.97      60.00
7.80     330.94   42.60    42.43    -34.07      60.00
7.81     331.36   42.26    42.43    -34.17      60.00
7.82     331.79   41.91    42.43    -34.26      60.00
7.83     332.21   41.57    42.43    -34.36      60.00
7.84     332.63   41.23    42.43    -34.46      60.00
7.85     333.06   40.88    42.43    -34.56      60.00
7.86     333.48   40.54    42.43    -34.66      60.00
7.87     333.91   40.19    42.43    -34.75      60.00
7.88     334.33   39.84    42.43    -34.85      60.00
7.89     334.76   39.49    42.43    -34.95      60.00
7.90     335.18   39.14    42.43    -35.05      60.00
7.91     335.60   38.79    42.43    -35.15      60.00
7.92     336.03   38.44    42.43    -35.24      60.00
7.93     336.45   38.09    42.43    -35.34      60.00
7.94     336.88   37.73    42.43    -35.44      60.00
7.95     337.30   37.38    42.43    -35.54      60.00
7.96     337.73   37.02    42.43    -35.64      60.00
7.97     338.15   36.66    42.43    -35.73      60.00
7.98     338.57   36.31    42.43    -35.83      60.00
7.99     339.00   35.95    42.43    -35.93      60.00
8.00     339.42   35.59    42.43    -36.03      60.00
8.01     339.85   35.23    42.43    -36.13      60.00
8.02     340.27   34.86    42.43    -36.22      60.00
8.03     340.70   34.50    42.43    -36.32      60.00
8.04     341.12   34.14    42.43    -36.42      60.00
8.05     341.54   33.77    42.43    -36.52      60.00
8.06     341.97   33.41    42.43    -36.62      60.00
8.07     342.39   33.04    42.43    -36.72      60.00
8.08     342.82   32.67    42.43    -36.81      60.00
8.09     343.24   32.31    42.43    -36.91      60.00
8.10     343.67   31.94    42.43    -37.01      60.00
8.11     344.09   31.56    42.43    -37.11      60.00
8.12     344.51   31.19    42.43    -37.21      60.00
8.13     344.94   30.82    42.43    -37.30      60.00
8.14     345.36   30.45    42.43    -37.40      60.00
8.15     345.79   30.07    42.43    -37.50      60.00
8.16     346.21   29.70    42.43    -37.60      60.00
8.17     346.64   29.32    42.43    -37.70      60.00
8.18     347.06   28.94    42.43    -37.79      60.00
8.19     347.48   28.56    42.43    -37.89      60.00
8.20     347.91   28.19    42.43    -37.99      60.00
8.21     348.33   27.80    42.43    -38.09      60.00
8.22     348.76   27.42    42.43    -38.19      60.00
8.23     349.18   27.04    42.43    -38.28      60.00
8.24     349.61   26.66    42.43    -38.38      60.00
8.25     350.03   26.27    42.43    -38.48      60.00
8.26     350.45   25.89    42.43    -38.58      60.00
8.27     350.88   25.50    42.43    -38.68      60.00
8.28     351.30   25.11    42.43    -38.77      60.00
8.29     351.73   24.73    42.43    -38.87      60.00
8.30     352.15   24.34    42.43    -38.97      60.00
8.31     352.58   23.95    42.43    -39.07      60.00
8.32     353.00   23.56    42.43    -39.17      60.00
8.33     353.42   23.16    42.43    -39.26      60.00
8.34     353.85   22.77    42.43    -39.36      60.00
8.35     354.27   22.38    42.43    -39.46      60.00
8.36     354.70   21.98    42.43    -39.56      60.00
8.37     355.12   21.59    42.43    -39.66      60.00
8.38     355.55   21.19    42.43    -39.76      60.00
8.39     355.97   20.79    42.43    -39.85      60.00
8.40     356.39   20.39    42.43    -39.95      60.00
8.41     356.82   19.99    42.43    -40.05      60.00
8.42     357.24   19.59    42.43    -40.15      60.00
8.43     357.67   19.19    42.43    -40.25      60.00
8.44     358.09   18.79    42.43    -40.34      60.00
8.45     358.52   18.38    42.43    -40.44      60.00
8.46     358.94   17.98    42.43    -40.54      60.00
8.47     359.36   17.57    42.43    -40.64      60.00
8.48     359.79   17.16    42.43    -40.74      60.00
8.49     360.21   16.76    42.43    -40.83      60.00
8.50     360.64   16.35    42.43    -40.93      60.00
8.51     361.06   15.94    42.43    -41.03      60.00
8.52     361.49   15.53    42.43    -41.13      60.00
8.53     361.91   15.11    42.43    -41.23      60.00
8.54     362.33   14.70    42.43    -41.32      60.00
8.55     362.76   14.29    42.43    -41.42      60.00
8.56     363.18   13.87    42.43    -41.52      60.00
8.57     363.61   13.46    42.43    -41.62      60.00
8.58     364.03   13.04    42.43    -41.72      60.00
8.59     364.46   12.62    42.43    -41.81      60.00
8.60     364.88   12.20    42.43    -41.91      60.00
8.61     365.30   11.78    42.43    -42.01      60.00
8.62     365.73   11.36    42.43    -42.11      60.00
8.63     366.15   10.94    42.43    -42.21      60.00
8.64     366.58   10.52    42.43    -42.31      60.00
8.65     367.00   10.10    42.43    -42.40      60.00
8.66     367.43   9.67    42.43    -42.50      60.00
8.67     367.85   9.25    42.43    -42.60      60.00
8.68     368.27   8.82    42.43    -42.70      60.00
8.69     368.70   8.39    42.43    -42.80      60.00
8.70     369.12   7.96    42.43    -42.89      60.00
8.71     369.55   7.53    42.43    -42.99      60.00
8.72     369.97   7.10    42.43    -43.09      60.00
8.73     370.40   6.67    42.43    -43.19      60.00
8.74     370.82   6.24    42.43    -43.29      60.00
8.75     371.24   5.81    42.43    -43.38      60.00
8.76     371.67   5.37    42.43    -43.48      60.00
8.77     372.09   4.94    42.43    -43.58      60.00
8.78     372.52   4.50    42.43    -43.68      60.00
8.79     372.94   4.06    42.43    -43.78      60.00
8.80     373.37   3.63    42.43    -43.87      60.00
8.81     373.79   3.19    42.43    -43.97      60.00
8.82     374.21   2.75    42.43    -44.07      60.00
8.83     374.64   2.30    42.43    -44.17      60.00
8.84     375.06   1.86    42.43    -44.27      60.00
8.85     375.49   1.42    42.43    -44.36      60.00
8.86     375.91   0.98    42.43    -44.46      60.00
8.87     376.34   0.53    42.43    -44.56      60.00
